hs_sqa 0     8  0.900000  1.000000  1.000000        -101   15813
           0  0.650801099620840       6.018557283230453E-004
 -1.754932103912342E-002
           1 -0.151000459495646       1.010697664160828E-003
 -2.622065459779324E-002
           2  6.428980323367922E-002  1.020436754704001E-003
 -1.894127668385322E-002
           4  3.920753110133811E-002  1.036009391487092E-003
  1.316600679476642E-002
           5 -2.257254324688823E-002  1.016372869433870E-003
  1.127864321061813E-002
           8  9.861347952264222E-003  1.006656343496717E-003
 -1.425311437803318E-002
           9 -1.124244414951579E-002  1.023307636458451E-003
  2.455760850565517E-002
          10  7.675226427123623E-003  1.005349115301764E-003
  2.943751688135101E-002
          13 -4.652967381569258E-003  1.008458287842622E-003
  1.453000342280293E-002
          18  3.063911095151759E-003  1.016178868319785E-003
 -1.106526254451254E-002
          16  4.776876337224049E-003  1.017022056200055E-003
 -1.212944385794113E-002
          17 -4.907062637458423E-003  1.028415721360359E-003
  8.739889425325074E-003
          20  2.469865459894116E-003  1.024876632735900E-003
  3.223329733939743E-003
          25 -3.134234504763184E-004  1.041104235004521E-003
  6.374598113992067E-003
          32 -1.148326597161984E-003  1.020127995021556E-003
  7.796539553993090E-003
