hs_sqa 0     4  0.900000  1.000000  1.000000        -101   62875
           0  0.645719404315138       1.572833662606718E-004
  2.243281451039197E-003
           1 -0.162600433543508       2.553291674091351E-004
  9.439181675618009E-003
           2  7.880835009643065E-002  2.627548644064111E-004
  8.872898349904335E-003
           4  7.879834033016384E-002  2.605129824805701E-004
  2.672202340367958E-003
           5 -5.044980299058504E-002  2.648541409444451E-004
 -1.880375489880956E-002
           8  3.708004837758339E-002  2.627598352932221E-004
 -2.801069157471566E-003
