0.228399037643703      -3.458892197076216E-004
0.258992392756501      -3.795295561951896E-004
0.190927337560248      -1.660322673690671E-004
0.152599616544492      -2.024650081269100E-004
0.202808766229379      -3.978869384639622E-004
0.149328981366996      -3.859178275815853E-004
0.146902307106905      -2.578272226208838E-004
0.168677869267607      -2.781616491151616E-004
0.166271114844464      -3.984560169519810E-004
0.150568697745158      -3.386229909788558E-004
0.155317007473877      -2.447058744967693E-004
0.166083571518198      -3.210795699209005E-004
