  0.333078942791384      -1.124174403067823E-004
  0.220122534687525      -2.516959075843310E-005
  0.330271706267987      -4.485208328849816E-004
  0.305775978675499      -2.217633691191389E-004
  0.263331637496086      -2.691061521746111E-004
  0.281256690551677      -3.864529034215501E-004
  0.304606877031773      -3.131408759429649E-004
  0.287845008590426      -2.728911335063539E-004
  0.231451333630196      -2.049909247616825E-004
  0.229301884144205      -3.668181453036427E-004
  0.241254188869096      -3.454388711558641E-004
  0.214456935160784      -3.345036894124055E-004
  0.215981780309086      -3.975628123423589E-004
  0.227217233892844      -3.610086383674320E-004
  0.222727198459631      -3.184395783835378E-004
  0.213216586102812      -3.805968761813558E-004
  0.219771206583984      -3.925541844715742E-004
  0.227021525249049      -3.187328076909621E-004
  0.218805468310895      -3.436318057793589E-004
  0.214043682533817      -4.137089580584682E-004
  0.223055229440829      -3.571452589455325E-004
  0.225244498393872      -3.013864331045832E-004
  0.216000153808643      -3.870529623755956E-004
  0.216284331113773      -4.152262378349172E-004
  0.224998960760166      -3.124337261268137E-004
  0.222372356498587      -3.179894862664325E-004
  0.214824418069094      -4.275494915065185E-004
  0.219230776541224      -3.855752319633040E-004
  0.225273846796292      -2.812315263466713E-004
  0.219328685005203      -3.604516767357762E-004
  0.215207622922250      -4.448909843358009E-004
  0.221858282013162      -3.367795502907837E-004
  0.224080343422649      -2.804866356580525E-004
  0.217136945541859      -4.117941305731814E-004
  0.216835238835374      -4.298346651575127E-004
  0.223452622751011      -2.888616964399074E-004
  0.222010105226792      -3.120708971617101E-004
  0.216057916927696      -4.503092027959049E-004
  0.218967806821760      -3.872442699942423E-004
  0.223870242303525      -2.629335365856600E-004
  0.219801697010652      -3.645484384698043E-004
  0.216189517172921      -4.608013911453183E-004
  0.220941430573919      -3.313664355010912E-004
  0.223164355161313      -2.693253859415992E-004
  0.218030663924889      -4.193107397316890E-004
  0.217263319196319      -4.392357421836621E-004
  0.222341397686803      -2.828644091991081E-004
  0.221700832707957      -3.060540873799048E-004
  0.217010472476776      -4.571261837027314E-004
  0.218830988733067      -3.924437117196494E-004
  0.222810463440232      -2.581262989740654E-004
  0.220011625030680      -3.611879172973043E-004
  0.216966523755055      -4.663158943127287E-004
  0.220387267976869      -3.353548931326664E-004
  0.222389121228130      -2.653302904869690E-004
  0.218552197350108      -4.163296228707381E-004
  0.217673753882630      -4.443297484824696E-004
  0.221520208435248      -2.868179809945637E-004
  0.221348748169479      -3.018988430030722E-004
  0.217725890686622      -4.544621177229215E-004
  0.218787988764215      -3.979793266712553E-004
  0.221949442781960      -2.618311860219219E-004
  0.220087912516172      -3.554447242405302E-004
  0.217576751203033      -4.645213920836457E-004
  0.219983022455260      -3.429931827217605E-004
  0.221749474172577      -2.673016031153584E-004
  0.218951115508578      -4.087179555571548E-004
  0.217996330883820      -4.448348669934571E-004
  0.220874815174956      -2.959705768304000E-004
  0.221030672319593      -3.003875306382438E-004
  0.218250657224396      -4.462760950483471E-004
  0.218806849688139      -4.025869701264199E-004
  0.221295161846008      -2.705167545467643E-004
  0.220102918583444      -3.494832380822786E-004
  0.218010149808520      -4.579807824125951E-004
  0.219661459708566      -3.518233630251294E-004
  0.221240607893176      -2.733313811829398E-004
  0.219231586254970      -3.992695948310821E-004
  0.218252469303904      -4.423191763464905E-004
  0.220400158021671      -3.074896274920365E-004
  0.220770041379955      -3.012282197946218E-004
  0.218594969469406      -4.354015860865602E-004
  0.218823925047468      -4.059372297593226E-004
  0.220831366833763      -2.821382809940164E-004
  0.220062248531927      -3.442602102547048E-004
  0.218353732737207      -4.489254663951926E-004
  0.219511346975583      -3.603325864484285E-004
  0.220820560700128      -2.812209655496225E-004
  0.219360704303892      -3.895854548925485E-004
  0.218499633756692      -4.378620533375960E-004
  0.220116597462946      -3.192947239167293E-004
  0.220498647398222      -3.034872448293603E-004
  0.218834034778065      -4.239499783883036E-004
  0.218887045877727      -4.072518125018057E-004
  0.220448245659739      -2.941623458363806E-004
  0.219980551515855      -3.408844289026877E-004
  0.218608781567802      -4.387396517369304E-004
  0.219403876727261      -3.672789362905171E-004
  0.220489696575493      -2.905728486218993E-004
  0.219392010898902      -3.809705419831259E-004
  0.218654335521646      -4.318237497045436E-004
  0.219878018605473      -3.303111221325747E-004
  0.220265217751981      -3.077556835961034E-004
  0.218977112986774      -4.128495281366674E-004
  0.218941638249217      -4.067599399883628E-004
  0.220140511908426      -3.058935596694296E-004
  0.219852430362043      -3.388298276044562E-004
  0.218773145313723      -4.283492644640463E-004
  0.219329383323697      -3.726449448634926E-004
  0.220210455101112      -3.001544606242421E-004
  0.219436895654284      -3.738654152044449E-004
  0.218777656851913      -4.246292198121164E-004
  0.219684218314797      -3.396207858303001E-004
  0.220071039755986      -3.128373876596680E-004
  0.219080085640722      -4.028808657156892E-004
  0.218979491848274      -4.051019328759629E-004
  0.219933771569350      -3.168575474276948E-004
  0.219770281213521      -3.382793351458944E-004
  0.218884815554257      -4.184740201829969E-004
  0.219251047653383      -3.763601377980350E-004
  0.220012118602457      -3.097242770706492E-004
  0.219420988492586      -3.684332637581711E-004
  0.218856512785065      -4.176178643749663E-004
  0.219556513130497      -3.476219795340902E-004
  0.219896021809004      -3.183532834973454E-004
  0.219138658488419      -3.944016220290666E-004
  0.218996182709980      -4.025832428595454E-004
  0.219754373642054      -3.266461486930959E-004
  0.219684515202691      -3.389648159200558E-004
  0.218953232377337      -4.094437412572450E-004
  0.219193793140800      -3.788900197002607E-004
  0.219799717451709      -3.185873609733058E-004
  0.219406010371937      -3.644693832302806E-004
  0.218920831792150      -4.108182463361347E-004
  0.219415960322822      -3.541041478148241E-004
  0.219726913164478      -3.240878586723472E-004
  0.219156369294457      -3.872940195683758E-004
  0.219013812064256      -3.997252229252542E-004
  0.219575536234519      -3.350903095237545E-004
  0.219550682145260      -3.403407631927946E-004
  0.219017258060831      -4.016783160710645E-004
  0.219166442074928      -3.803329113750050E-004
  0.219596414086729      -3.263781964769052E-004
  0.219352184243848      -3.616555206580930E-004
  0.218989783378440      -4.045279679076518E-004
  0.219317204416652      -3.590694026814176E-004
  0.219571682771876      -3.296673307301944E-004
  0.219193557555590      -3.815905393764159E-004
  0.218991573374528      -3.960805203283019E-004
  0.219425027836969      -3.422345186782383E-004
  0.219491811081214      -3.424380976593381E-004
  0.219028054552157      -3.945553446074747E-004
  0.219096815715079      -3.808296136951209E-004
  0.219508285262078      -3.338127349360262E-004
  0.219327414937131      -3.597069514906189E-004
  0.218937341060655      -3.983018154668067E-004
  0.219239806659458      -3.633120512795468E-004
  0.219507499897706      -3.350198276750180E-004
  0.219151542246404      -3.767317757382149E-004
  0.218978023383203      -3.931123424068589E-004
  0.219360487045219      -3.483827748227119E-004
  0.219419932969804      -3.443058277885226E-004
  0.219028961925830      -3.889070451704205E-004
  0.219068497204781      -3.810380204050733E-004
  0.219407945920946      -3.397850841351209E-004
  0.219283601080175      -3.584964337613083E-004
  0.218990617202261      -3.935304399735674E-004
  0.219181843598265      -3.661119264475602E-004
  0.219379192058215      -3.393571480080292E-004
  0.219152017767520      -3.731393906353890E-004
  0.218999038229600      -3.900341367709880E-004
  0.219249038925020      -3.530396511601385E-004
  0.219327788038854      -3.465237328727078E-004
  0.219065047671938      -3.841575512306628E-004
  0.219037197686722      -3.804395957070433E-004
  0.219294674357411      -3.450086747561154E-004
  0.219251176157914      -3.580097043688474E-004
  0.219001282867168      -3.888651842021226E-004
  0.219106233604086      -3.682588495766937E-004
  0.219319605155871      -3.438489303211050E-004
  0.219149048377662      -3.701551166120407E-004
  0.218968227510391      -3.868400477872038E-004
  0.219187480632071      -3.570467710450127E-004
  0.219297938624737      -3.487344999009069E-004
  0.219036809464197      -3.798422265051802E-004
  0.218999837355459      -3.798585614911364E-004
  0.219246057064753      -3.497096344743984E-004
  0.219222209824513      -3.577594416646518E-004
  0.218979111719521      -3.847676159079829E-004
  0.219079019016419      -3.700271656255234E-004
  0.219265125358357      -3.476313358152761E-004
  0.219116592939002      -3.679095922242710E-004
  0.218966739375268      -3.842841227776625E-004
  0.219150578042528      -3.603801603394896E-004
  0.219239002615786      -3.508416991595922E-004
  0.219021405202647      -3.765458021619995E-004
  0.218998018436679      -3.791408958311500E-004
  0.219206045537950      -3.535404037019505E-004
  0.219166234235063      -3.579256956667599E-004
  0.218966857376674      -3.816686032958384E-004
  0.219056265847900      -3.712199702699859E-004
  0.219213488145397      -3.509620922867299E-004
  0.219083066432492      -3.665453028987052E-004
  0.218952151755432      -3.820647092331097E-004
  0.219101258889243      -3.628969747151214E-004
  0.219176206506493      -3.528640661914850E-004
  0.219020070265930      -3.743112720335780E-004
  0.218982488781613      -3.783203944935793E-004
  0.219134971498396      -3.564885866316928E-004
  0.219123173829550      -3.584519053131852E-004
  0.218968880571145      -3.791141314310783E-004
  0.219020969932077      -3.718071855365143E-004
  0.219131530628537      -3.536914254656770E-004
  0.219057014286585      -3.657587266781317E-004
  0.218952988113303      -3.800737537240180E-004
  0.219044075804904      -3.647471198302241E-004
  0.219123835217123      -3.550663057542333E-004
  0.219008778003396      -3.724530450506869E-004
  0.218940904415815      -3.771621739877881E-004
  0.219078546640645      -3.592897656599065E-004
  0.219095604751784      -3.593957947169171E-004
  0.218951868935541      -3.767753206869594E-004
  0.218969617919251      -3.721463339197465E-004
  0.219095044350240      -3.564957046386845E-004
  0.219032848714531      -3.651376236020689E-004
  0.218921357026008      -3.780548993274776E-004
  0.219007099565680      -3.663240243947412E-004
  0.219083712701612      -3.569487383805376E-004
  0.218979174646285      -3.708923967912912E-004
  0.218921813265650      -3.762617577004685E-004
  0.219024790363678      -3.613489824288876E-004
  0.219049576287873      -3.601075948390439E-004
  0.218935669786549      -3.749841846289035E-004
  0.218932503588699      -3.722653611178152E-004
  0.219046858392287      -3.586341863377517E-004
  0.219020313981233      -3.648909184073116E-004
  0.218885742968274      -3.764726174582899E-004
  0.218944891137603      -3.674712914001018E-004
  0.219057586220137      -3.586292681768478E-004
  0.218965389349118      -3.697168407335579E-004
  0.218875556484231      -3.754560943128519E-004
  0.218991151220132      -3.632261118113134E-004
  0.219040091978564      -3.607978389670744E-004
  0.218909508565135      -3.733860283665790E-004
  0.218892578468792      -3.724764935440173E-004
  0.219018256813523      -3.604797989875004E-004
  0.218991120242725      -3.645077046986251E-004
  0.218877795145434      -3.752137582791734E-004
  0.218925250139351      -3.684620431205533E-004
  0.219020020637770      -3.598520208046057E-004
  0.218940504267844      -3.687629018198113E-004
  0.218870570375817      -3.748756556820600E-004
  0.218949781266111      -3.645510020651514E-004
  0.219003480657115      -3.614541364763161E-004
  0.218902453747813      -3.722253360546672E-004
  0.218882101824425      -3.725021524930512E-004
  0.218970141678360      -3.618800876124237E-004
  0.218960718511926      -3.644811195286045E-004
  0.218878718717997      -3.741530015503640E-004
  0.218903451393402      -3.690938610687661E-004
  0.218966185762541      -3.610609654552395E-004
  0.218930714901804      -3.682110716676572E-004
  0.218872889029342      -3.740852164562347E-004
  0.218911190568746      -3.656082452537625E-004
  0.218957316670094      -3.621891193115548E-004
  0.218912174603238      -3.713404404779580E-004
  0.218870053741826      -3.722615309499270E-004
  0.218924940723210      -3.631930921165055E-004
  0.218948171899437      -3.646348195385081E-004
  0.218891150976257      -3.730486098136135E-004
  0.218879813234891      -3.694420994978897E-004
  0.218935442820949      -3.622401517839975E-004
  0.218935401020392      -3.676042807891377E-004
  0.218880411991249      -3.732062079181732E-004
  0.218894113860004      -3.665779683204561E-004
  0.218939372994971      -3.628632501468626E-004
  0.218914806448579      -3.702503535016896E-004
  0.218876041653451      -3.719511379449297E-004
  0.218901178448717      -3.643871178053358E-004
  0.218930474679680      -3.647309612999500E-004
  0.218899913619224      -3.719878764503979E-004
  0.218877189535619      -3.697839890744723E-004
  0.218910459799993      -3.633698256454902E-004
  0.218915909931883      -3.671499846272071E-004
  0.218884480086904      -3.723750714802011E-004
  0.218883592904690      -3.673898611611490E-004
  0.218907580316228      -3.636647521771443E-004
  0.218905914175831      -3.694665313040131E-004
  0.218883143141601      -3.715502424715977E-004
  0.218887301598483      -3.654214205058582E-004
  0.218906065663903      -3.650305724989184E-004
  0.218896102420988      -3.710266867729888E-004
  0.218875078748835      -3.698402565039717E-004
  0.218889587042858      -3.644240338641853E-004
  0.218906409677269      -3.669501662618537E-004
  0.218885336633654      -3.715161944690947E-004
  0.218870790349667      -3.679082275019220E-004
  0.218896277849544      -3.644598656778838E-004
  0.218900355012305      -3.688165530773388E-004
  0.218871832713760      -3.710431334310779E-004
  0.218876738666743      -3.663102610983787E-004
  0.218902972929366      -3.653835102166187E-004
  0.218891825472668      -3.701684256592291E-004
  0.218871122348491      -3.698648194501693E-004
  0.218883087041069      -3.653166289239467E-004
  0.218895123122080      -3.667907769740435E-004
  0.218870823138168      -3.708082469749684E-004
  0.218871536708122      -3.684205551313062E-004
  0.218890373822398      -3.651367276705041E-004
  0.218884386217150      -3.682960722370375E-004
  0.218863123636654      -3.706225083020314E-004
  0.218874786666982      -3.670103733657465E-004
  0.218887619046284      -3.657054812003712E-004
  0.218874175563457      -3.695655902512087E-004
  0.218862167434445      -3.698317655464389E-004
  0.218871869022521      -3.660411115175628E-004
  0.218876297255735      -3.667842698460668E-004
  0.218866904117072      -3.702658527559944E-004
  0.218859988863101      -3.686477422973427E-004
  0.218875186746623      -3.657663889644514E-004
  0.218869045883897      -3.680408398465199E-004
  0.218855406797173      -3.702564695240358E-004
  0.218858003430204      -3.674921861034849E-004
  0.218872744019234      -3.661018069644086E-004
  0.218866595705062      -3.691359036818632E-004
  0.218856090475483      -3.697010425603503E-004
  0.218860515016583      -3.666471380256129E-004
  0.218861061007068      -3.668957023073904E-004
  0.218859889802565      -3.698036596133709E-004
  0.218856743004311      -3.688211205767836E-004
  0.218854901103995      -3.663049941757111E-004
  0.218857946791147      -3.679151122378659E-004
  0.218859630416910      -3.699335689194784E-004
  0.218856173224775      -3.678596015156382E-004
  0.218856054111898      -3.664913410525247E-004
  0.218859508735757      -3.688371677368467E-004
  0.218857580504962      -3.695441261103478E-004
  0.218854682104267      -3.671227571807506E-004
  0.218841778491242      -3.670481362292515E-004
  0.218855693864928      -3.694637009195523E-004
  0.218857453928116      -3.688842790775458E-004
  0.218843508828068      -3.667874028479014E-004
  0.218841674443210      -3.679009736500703E-004
  0.218854791383005      -3.695985026981548E-004
  0.218851085236075      -3.681022439486962E-004
  0.218828232414651      -3.668497435490618E-004
  0.218842369872092      -3.686802261399469E-004
  0.218854196134479      -3.693578002053070E-004
  0.218837357909273      -3.674981179771774E-004
  0.218830549420113      -3.673684022158672E-004
  0.218844623617444      -3.691389597847246E-004
  0.218845635826551      -3.688358817990343E-004
  0.218834266629558      -3.672420979538135E-004
  0.218831959143782      -3.679425782943893E-004
  0.218842741134206      -3.692745248221405E-004
  0.218842071409619      -3.682652948606639E-004
  0.218820916917622      -3.672495259573743E-004
  0.218828819300846      -3.685314731643564E-004
  0.218845687799876      -3.691355649552908E-004
  0.218832605803751      -3.677938146564438E-004
  0.218815493284537      -3.675955956423520E-004
  0.218832574858587      -3.689173538674253E-004
  0.218837978387550      -3.687313394219414E-004
  0.218821083060070      -3.675822408647193E-004
  0.218819656458808      -3.680758806374277E-004
  0.218831188100383      -3.690077093310900E-004
  0.218828773979577      -3.683315488969918E-004
  0.218817731089785      -3.676553762664521E-004
  0.218821281615695      -3.684635799765276E-004
  0.218833322892672      -3.689047571674849E-004
  0.218823629916270      -3.680045862949531E-004
  0.218816787069404      -3.678463903297046E-004
  0.218819406025852      -3.686944898287738E-004
  0.218830598409416      -3.686632263866688E-004
  0.218815629251137      -3.678425310858447E-004
  0.218813586461409      -3.681401616722449E-004
  0.218822774412081      -3.688164214080612E-004
  0.218821250846999      -3.683795802521019E-004
  0.218811531715890      -3.678759291944548E-004
  0.218809228872520      -3.684188457722898E-004
  0.218812070144894      -3.687708039837654E-004
  0.218815805253604      -3.682130821270709E-004
  0.218814196143393      -3.680544159008101E-004
  0.218804977247931      -3.686223994194000E-004
  0.218809398033501      -3.686396713881266E-004
  0.218819598484398      -3.681062909734769E-004
  0.218804663872657      -3.682172573804112E-004
  0.218802324096338      -3.687489059888811E-004
  0.218810490057683      -3.684616474173494E-004
  0.218811399783806      -3.680480358783971E-004
  0.218800117539906      -3.684428702820269E-004
  0.218801337607394      -3.687434382917950E-004
  0.218806727471215      -3.682711890361073E-004
  0.218802441626729      -3.681488526137508E-004
  0.218798997021876      -3.686732429945647E-004
  0.218801065653348      -3.686524025985988E-004
  0.218806380490148      -3.681745240864136E-004
  0.218791921329855      -3.683139321809499E-004
  0.218793407654263      -3.687823346312900E-004
  0.218803758344243      -3.685263686401500E-004
  0.218801083092729      -3.681682921533970E-004
  0.218791209054086      -3.685283252920513E-004
  0.218797929640528      -3.687732953466928E-004
  0.218798140049497      -3.683309794190533E-004
  0.218792127519330      -3.682435249076234E-004
  0.218795696128182      -3.687189062967354E-004
  0.218793700334451      -3.686672018405773E-004
  0.218791476069868      -3.682546600114436E-004
  0.218787027807798      -3.684299473387171E-004
  0.218790487300327      -3.688020459321400E-004
  0.218794329948386      -3.685286193427157E-004
  0.218788387773758      -3.682726766049702E-004
  0.218785613311877      -3.686089741003572E-004
  0.218791180795729      -3.687498721314875E-004
  0.218794747039226      -3.684213115242420E-004
  0.218775750482823      -3.683612835369340E-004
  0.218779935461911      -3.687434187770588E-004
  0.218798896359899      -3.687047421972243E-004
  0.218788567013631      -3.683643849985403E-004
  0.218768987238606      -3.685210957926125E-004
  0.218781414597769      -3.687827475073524E-004
  0.218798681592532      -3.685628963825100E-004
  0.218779757435206      -3.684129725474690E-004
  0.218772345858489      -3.687046444343900E-004
  0.218789547084366      -3.687280980279590E-004
  0.218787956204962      -3.684349756818688E-004
  0.218769568751951      -3.685420065066959E-004
  0.218774365645430      -3.688155011014276E-004
  0.218787408401374      -3.686226037489033E-004
  0.218778893383718      -3.684315123708415E-004
  0.218766225486355      -3.687006848981240E-004
  0.218776405299203      -3.687933521870390E-004
  0.218786421563321      -3.685047235048904E-004
  0.218768971963121      -3.685061462212963E-004
  0.218758360839410      -3.688103245186148E-004
  0.218777212667166      -3.687320640482552E-004
  0.218786398878095      -3.684703149890679E-004
  0.218763621919729      -3.686422729566060E-004
  0.218757448784935      -3.688438862891218E-004
  0.218777634696748      -3.685972192517048E-004
  0.218777548069595      -3.684947467181454E-004
  0.218755505239764      -3.688059853856404E-004
  0.218758945413627      -3.688218994900245E-004
  0.218779992392947      -3.685019746969566E-004
  0.218774332254156      -3.685908653499590E-004
  0.218751239967363      -3.688920090334597E-004
  0.218760429559140      -3.687102035302676E-004
  0.218779404825088      -3.684575203324072E-004
  0.218765607306177      -3.687516888489991E-004
  0.218746633838610      -3.689482298179605E-004
  0.218766197256398      -3.685916882889182E-004
  0.218776763019764      -3.684599217400362E-004
  0.218756267179346      -3.688913114289557E-004
  0.218747948503163      -3.689042657593283E-004
  0.218770785844224      -3.684522990852883E-004
  0.218772880325442      -3.685725610759236E-004
  0.218750632266669      -3.690197706218122E-004
  0.218749053815539      -3.687656875177858E-004
  0.218772399155872      -3.683946185396457E-004
  0.218767103892375      -3.687458702598177E-004
  0.218742580439062      -3.690500555460701E-004
  0.218746787488143      -3.686231111899196E-004
  0.218770144149576      -3.684390057068558E-004
  0.218759356260879      -3.689247319878563E-004
  0.218735065173926      -3.689953888956071E-004
  0.218750544668859      -3.684760676995778E-004
  0.218765627315787      -3.685381525063356E-004
  0.218746397929127      -3.690607683150936E-004
  0.218738068880360      -3.689129481556247E-004
  0.218753488001924      -3.683913557144927E-004
  0.218759679688873      -3.686846547346379E-004
  0.218740220185540      -3.691361587840805E-004
  0.218737003281621      -3.687435940170434E-004
  0.218752751460909      -3.683712370393569E-004
  0.218753307453091      -3.688791568106430E-004
  0.218734788082940      -3.691142348017321E-004
  0.218745422027702      -3.685836782782557E-004
  0.218757861844397      -3.684511394182054E-004
  0.218742550992403      -3.690163714918485E-004
  0.218737360089321      -3.690287695517067E-004
  0.218749140086732      -3.684495868964959E-004
  0.218749230098543      -3.685911750740576E-004
  0.218733719466313      -3.691617833296329E-004
  0.218743039965437      -3.689072069643134E-004
  0.218745669200705      -3.683831544353435E-004
  0.218736898500451      -3.688220232549377E-004
  0.218733213960384      -3.692121340399835E-004
  0.218743148571706      -3.686945264153682E-004
  0.218737245197473      -3.684460570581678E-004
  0.218731595890170      -3.690763417387231E-004
  0.218737461128496      -3.691364491191602E-004
  0.218737671878792      -3.685084045502279E-004
  0.218731626260216      -3.686573083956440E-004
  0.218725422754689      -3.691918368637098E-004
  0.218734913058654      -3.689594790460491E-004
  0.218735206727802      -3.685137370752114E-004
  0.218726663813463      -3.688952543086165E-004
  0.218731037108663      -3.692254866572508E-004
  0.218730797580659      -3.687397324037299E-004
  0.218723876031921      -3.685876072929401E-004
  0.218722884531059      -3.691070296337411E-004
  0.218725260088288      -3.691420532012982E-004
  0.218728796167490      -3.686836419811045E-004
  0.218721535236038      -3.687615512417961E-004
  0.218718251827765      -3.691939257295369E-004
  0.218676917376299      -3.691348082645840E-004
  0.218712500976207      -3.689982832879818E-004
  0.218728596976083      -3.690620270437321E-004
  0.218690649827828      -3.692660928131797E-004
  0.218683065647791      -3.691624532484827E-004
  0.218721203561609      -3.689328223431433E-004
  0.218715461514973      -3.690929972728954E-004
  0.218679086585055      -3.693454971451648E-004
  0.218691595355851      -3.690999656993174E-004
  0.218712256317779      -3.688689975492033E-004
  0.218701017966728      -3.692644465924823E-004
  0.218677412940555      -3.693909829922799E-004
  0.218696929002323      -3.689805809249001E-004
  0.218708165392142      -3.689234296118608E-004
  0.218686329761340      -3.694004909024291E-004
  0.218681353631753      -3.693539635510445E-004
  0.218700357129243      -3.688650396383999E-004
  0.218697504486972      -3.690603702160406E-004
  0.218676959089743      -3.695347301823506E-004
  0.218687504197127      -3.692319189068923E-004
  0.218700521476072      -3.688234849274957E-004
