   3.8420572347192247E-002
  -1.7170372703868390E-003
   6.4634966253042034E-005
  -2.4473705680984923E-002
  -3.5332556715223555E-002
  -6.3456820901324679E-002
 -0.29675915135905739     
  0.10521765897818441     
   4.5399968029663659E-002
   2.8918317342411015E-002
   2.1213161189711532E-002
   1.6749455857742540E-002
   3.1790185025762308E-002
  -1.1849261844421373E-003
   3.7619062284257254E-005
   3.8420572347192247E-002
  -1.7170372703868390E-003
   6.4634966253042034E-005
  -2.4473705680984923E-002
  -3.5332556715223555E-002
  -6.3456820901324679E-002
 -0.29675915135905739     
  0.10521765897818441     
   4.5399968029663659E-002
   2.8918317342411015E-002
   2.1213161189711532E-002
   1.6749455857742540E-002
   3.1790185025762308E-002
  -1.1849261844421373E-003
   3.7619062284257254E-005
