 ============================================
 Beta  0.50000000000000000      Lx, Ly           4           4 Order           3 Seed   -41246497
   1281765656.0000000        985151.00000000000        38.237747142215490        198869.00000000000     
 topo 1:
         -32   0.0000000000000000     
         -31   0.0000000000000000     
         -30   0.0000000000000000     
         -29  -3.4609690226223228E-003
         -28  -3.2340832755837481E-003
         -27   6.0297771416353355E-003
         -26   0.0000000000000000     
         -25  -1.2997861440514943E-002
         -24   1.9227605681235126E-002
         -23  -2.2150201744782867E-003
         -22   1.8308526129672088E-002
         -21   0.0000000000000000     
         -20   2.5438122316274066E-002
         -19   0.0000000000000000     
         -18   6.9411656509258809E-003
         -17  -1.2459488481440363E-003
         -16   0.0000000000000000     
         -15   0.0000000000000000     
         -14  -6.9219380452446456E-003
         -13  -1.5074442854088339E-003
         -12   5.8490376482317249E-003
         -11  -2.2150201744782871E-003
         -10  -2.7918483449153406E-003
          -9  -2.3073126817482153E-003
          -8   8.0986675129362355E-003
          -7  -1.9689068217584771E-003
          -6  -5.6529160702831281E-004
          -5   1.9381426526685007E-003
          -4   1.7304845113111614E-003
          -3   1.4766801163188584E-003
          -2  -9.5176648122113766E-003
          -1  -6.8896356677001183E-002
           0   2.7495476124165816E-003
           1   3.8609032207919990E-003
           2   1.6266554406324906E-003
           3   1.2305667635990484E-003
           4   1.5382084544988102E-003
           5  -5.5375504361957178E-004
           6   1.3190137497327301E-003
           7  -1.7227934690386675E-003
           8  -5.2952826046121565E-003
           9  -3.8455211362470256E-004
          10   3.7224644598871210E-003
          11   1.6612651308587150E-003
          12   1.2997861440514947E-003
          13   0.0000000000000000     
          14   0.0000000000000000     
          15   0.0000000000000000     
          16   0.0000000000000000     
          17   0.0000000000000000     
          18   0.0000000000000000     
          19  -1.9996709908484532E-002
          20   0.0000000000000000     
          21   0.0000000000000000     
          22  -2.0342806810746765E-003
          23   0.0000000000000000     
          24   0.0000000000000000     
          25   0.0000000000000000     
          26  -1.1213539633296327E-002
          27   1.2059554283270671E-002
          28   0.0000000000000000     
          29   0.0000000000000000     
          30   0.0000000000000000     
          31   0.0000000000000000     
          32   0.0000000000000000     
 topo 2:
         -32   0.0000000000000000     
         -31   0.0000000000000000     
         -30   0.0000000000000000     
         -29   0.0000000000000000     
         -28   0.0000000000000000     
         -27   0.0000000000000000     
         -26   0.0000000000000000     
         -25   0.0000000000000000     
         -24   0.0000000000000000     
         -23   0.0000000000000000     
         -22   0.0000000000000000     
         -21   0.0000000000000000     
         -20   0.0000000000000000     
         -19   0.0000000000000000     
         -18   0.0000000000000000     
         -17   0.0000000000000000     
         -16   0.0000000000000000     
         -15   0.0000000000000000     
         -14   0.0000000000000000     
         -13   0.0000000000000000     
         -12   0.0000000000000000     
         -11   0.0000000000000000     
         -10   0.0000000000000000     
          -9   0.0000000000000000     
          -8   0.0000000000000000     
          -7   0.0000000000000000     
          -6   0.0000000000000000     
          -5   0.0000000000000000     
          -4   0.0000000000000000     
          -3   0.0000000000000000     
          -2   0.0000000000000000     
          -1  -6.9219380452446497E-004
           0   1.5382084544988102E-005
           1   0.0000000000000000     
           2   0.0000000000000000     
           3   0.0000000000000000     
           4   0.0000000000000000     
           5   0.0000000000000000     
           6   0.0000000000000000     
           7   0.0000000000000000     
           8   0.0000000000000000     
           9   0.0000000000000000     
          10   0.0000000000000000     
          11   0.0000000000000000     
          12   0.0000000000000000     
          13   0.0000000000000000     
          14   0.0000000000000000     
          15   0.0000000000000000     
          16   0.0000000000000000     
          17   0.0000000000000000     
          18   0.0000000000000000     
          19   0.0000000000000000     
          20   0.0000000000000000     
          21   0.0000000000000000     
          22   0.0000000000000000     
          23   0.0000000000000000     
          24   0.0000000000000000     
          25   0.0000000000000000     
          26   0.0000000000000000     
          27   0.0000000000000000     
          28   0.0000000000000000     
          29   0.0000000000000000     
          30   0.0000000000000000     
          31   0.0000000000000000     
          32   0.0000000000000000     
 ============================================
 Beta  0.50000000000000000      Lx, Ly           4           4 Order           3 Seed   -41246497
   2513376774.0000000        1969776.0000000000        38.237747142215490        404732.00000000000     
 topo 1:
         -32   0.0000000000000000     
         -31   0.0000000000000000     
         -30  -3.6316846707123806E-003
         -29  -1.7005807511140184E-003
         -28  -1.5890982352076547E-003
         -27   2.9627895752742002E-003
         -26  -1.2397233675621191E-002
         -25  -7.6639505850205078E-003
         -24   9.4476708395223232E-003
         -23  -4.3534867228518861E-003
         -22   7.9965085985716951E-003
         -21   1.8290690745315216E-003
         -20   1.1665983952642161E-002
         -19   0.0000000000000000     
         -18   3.4106091730675588E-003
         -17   1.2244181408020932E-003
         -16   0.0000000000000000     
         -15  -1.4511622409506288E-003
         -14  -3.4011615022280367E-003
         -13  -7.4069739381855005E-004
         -12   4.1513065668861097E-003
         -11  -1.6325575210694575E-003
         -10   6.8590090294932081E-004
          -9  -1.1337205007426786E-003
          -8   9.1831360560156979E-004
          -7  -2.6604641084094862E-003
          -6  -7.4069739381855027E-004
          -5   1.0489021695117366E-019
          -4   1.8895341679044645E-004
          -3  -3.0232546686471420E-004
          -2  -7.7376424175688383E-003
          -1  -6.5294742706112185E-002
           0   1.4039238867529957E-003
           1   1.9651155346206346E-003
           2   3.1800860045832096E-003
           3   1.1186042273994435E-003
           4   6.1409860456895099E-004
           5  -2.1087201313813820E-003
           6  -6.4811021959123129E-004
           7   1.4511622409506286E-003
           8  -1.8366272112031404E-003
           9   1.3226739175331251E-003
          10  -1.6782434712187784E-019
          11   3.5372079623171575E-003
          12  -3.5126440181343995E-003
          13   1.8517434845463756E-003
          14   8.5029037555700918E-004
          15  -1.4511622409506288E-003
          16  -3.8225276216707323E-003
          17   0.0000000000000000     
          18   0.0000000000000000     
          19  -9.8255776731032158E-003
          20  -8.3328456804586881E-004
          21   0.0000000000000000     
          22   0.0000000000000000     
          23   0.0000000000000000     
          24   0.0000000000000000     
          25   0.0000000000000000     
          26  -5.5098816336094196E-003
          27   5.9255791505484004E-003
          28   1.5890982352076547E-003
          29   0.0000000000000000     
          30   0.0000000000000000     
          31   0.0000000000000000     
          32   0.0000000000000000     
 topo 2:
         -32   0.0000000000000000     
         -31   0.0000000000000000     
         -30   0.0000000000000000     
         -29   0.0000000000000000     
         -28   0.0000000000000000     
         -27   0.0000000000000000     
         -26   0.0000000000000000     
         -25   0.0000000000000000     
         -24   0.0000000000000000     
         -23   0.0000000000000000     
         -22   0.0000000000000000     
         -21   0.0000000000000000     
         -20   0.0000000000000000     
         -19   0.0000000000000000     
         -18   0.0000000000000000     
         -17   0.0000000000000000     
         -16   0.0000000000000000     
         -15   0.0000000000000000     
         -14   0.0000000000000000     
         -13   0.0000000000000000     
         -12   0.0000000000000000     
         -11   0.0000000000000000     
         -10   0.0000000000000000     
          -9   0.0000000000000000     
          -8   0.0000000000000000     
          -7   0.0000000000000000     
          -6   0.0000000000000000     
          -5   0.0000000000000000     
          -4   0.0000000000000000     
          -3   0.0000000000000000     
          -2   0.0000000000000000     
          -1  -7.2558112047531483E-004
           0  -1.1337205007426789E-005
           1  -7.5581366716178583E-006
           2   0.0000000000000000     
           3   0.0000000000000000     
           4   0.0000000000000000     
           5   0.0000000000000000     
           6   0.0000000000000000     
           7   0.0000000000000000     
           8   0.0000000000000000     
           9   0.0000000000000000     
          10   0.0000000000000000     
          11   0.0000000000000000     
          12   0.0000000000000000     
          13   0.0000000000000000     
          14   0.0000000000000000     
          15   0.0000000000000000     
          16   0.0000000000000000     
          17   0.0000000000000000     
          18   0.0000000000000000     
          19   0.0000000000000000     
          20   0.0000000000000000     
          21   0.0000000000000000     
          22   0.0000000000000000     
          23   0.0000000000000000     
          24   0.0000000000000000     
          25   0.0000000000000000     
          26   0.0000000000000000     
          27   0.0000000000000000     
          28   0.0000000000000000     
          29   0.0000000000000000     
          30   0.0000000000000000     
          31   0.0000000000000000     
          32   0.0000000000000000     
 ============================================
 Beta  0.50000000000000000      Lx, Ly           4           4 Order           3 Seed   -41246497
   3760296067.0000000        2957970.0000000000        38.237747142215490        596920.00000000000     
 topo 1:
         -32   0.0000000000000000     
         -31   0.0000000000000000     
         -30  -2.4624053476961123E-003
         -29  -1.1530514115122275E-003
         -28  -1.0774624856464260E-003
         -27   2.0088717925013030E-003
         -26  -8.4057447899241380E-003
         -25  -5.1964183612151042E-003
         -24   6.4058411750679296E-003
         -23  -2.9518116134713019E-003
         -22   5.4219039705774956E-003
         -21   1.2401708514931512E-003
         -20   7.9099326829738768E-003
         -19  -5.1246729400543443E-004
         -18   4.6250173283990462E-003
         -17   4.1509850814440191E-004
         -16   0.0000000000000000     
         -15  -1.3119162726539120E-003
         -14  -4.0356799402927962E-003
         -13  -1.0044358962506515E-003
         -12   3.2477614757594410E-003
         -11  -1.1069293550517384E-003
         -10  -1.3951922079297953E-003
          -9  -2.5623364700271722E-004
          -8   5.1887313518050220E-004
          -7  -2.5418377782669556E-003
          -6  -5.0221794812532576E-004
          -5  -2.3061028230244543E-004
          -4  -2.1139275877724174E-003
          -3  -1.5988979572969565E-003
          -2  -7.0566746384549380E-003
          -1  -6.5134593068105123E-002
           0   1.0428709433010425E-003
           1   2.2651054395039947E-003
           2   2.6635487605932416E-003
           3   1.3939110396947822E-003
           4   1.8256647348943601E-003
           5   1.3836616938146722E-004
           6  -5.6499519164099148E-004
           7   1.6398953408173905E-003
           8  -1.2452955244332063E-003
           9   1.7936355290190205E-003
          10   1.5502135643664380E-004
          11   2.7673233876293461E-003
          12  -1.7321394537383682E-003
          13  -1.7577628184386399E-003
          14   1.1530514115122275E-003
          15  -3.9357488179617359E-003
          16  -2.5918033394324845E-003
          17   0.0000000000000000     
          18   0.0000000000000000     
          19  -6.6620748220706481E-003
          20  -5.6499519164099148E-004
          21   0.0000000000000000     
          22   0.0000000000000000     
          23   0.0000000000000000     
          24   0.0000000000000000     
          25   0.0000000000000000     
          26  -3.7358865732996177E-003
          27   4.0177435850026061E-003
          28   1.0774624856464260E-003
          29  -4.6122056460489100E-003
          30   0.0000000000000000     
          31   0.0000000000000000     
          32  -1.5347114287227747E-002
 topo 2:
         -32   0.0000000000000000     
         -31   0.0000000000000000     
         -30   0.0000000000000000     
         -29   0.0000000000000000     
         -28   0.0000000000000000     
         -27   0.0000000000000000     
         -26   0.0000000000000000     
         -25   0.0000000000000000     
         -24   0.0000000000000000     
         -23   0.0000000000000000     
         -22   0.0000000000000000     
         -21   0.0000000000000000     
         -20   0.0000000000000000     
         -19   0.0000000000000000     
         -18   0.0000000000000000     
         -17   0.0000000000000000     
         -16   0.0000000000000000     
         -15   0.0000000000000000     
         -14   0.0000000000000000     
         -13   0.0000000000000000     
         -12   0.0000000000000000     
         -11   0.0000000000000000     
         -10   0.0000000000000000     
          -9   0.0000000000000000     
          -8   0.0000000000000000     
          -7   0.0000000000000000     
          -6   0.0000000000000000     
          -5   0.0000000000000000     
          -4   0.0000000000000000     
          -3   0.0000000000000000     
          -2   0.0000000000000000     
          -1  -6.8670617396728267E-004
           0  -1.4092850585149445E-005
           1   0.0000000000000000     
           2   0.0000000000000000     
           3   0.0000000000000000     
           4   0.0000000000000000     
           5   0.0000000000000000     
           6   0.0000000000000000     
           7   0.0000000000000000     
           8   0.0000000000000000     
           9   0.0000000000000000     
          10   0.0000000000000000     
          11   0.0000000000000000     
          12   0.0000000000000000     
          13   0.0000000000000000     
          14   0.0000000000000000     
          15   0.0000000000000000     
          16   0.0000000000000000     
          17   0.0000000000000000     
          18   0.0000000000000000     
          19   0.0000000000000000     
          20   0.0000000000000000     
          21   0.0000000000000000     
          22   0.0000000000000000     
          23   0.0000000000000000     
          24   0.0000000000000000     
          25   0.0000000000000000     
          26   0.0000000000000000     
          27   0.0000000000000000     
          28   0.0000000000000000     
          29   0.0000000000000000     
          30   0.0000000000000000     
          31   0.0000000000000000     
          32   0.0000000000000000     
 ============================================
 Beta  0.50000000000000000      Lx, Ly           4           4 Order           3 Seed   -41246497
   5059603131.0000000        3944998.0000000000        38.237747142215490        796463.00000000000     
 topo 1:
         -32   1.0456457271178364E-003
         -31  -2.9497003431643654E-003
         -30  -1.8454830923053090E-003
         -29  -8.6417002241143505E-004
         -28  -8.0751887649779656E-004
         -27  -4.5167286504704347E-003
         -26  -6.2997994633793618E-003
         -25  -3.8945262343342002E-003
         -24   4.8009445689524170E-003
         -23  -3.3184128860599105E-003
         -22   4.0635194831613259E-003
         -21   9.2946286854918801E-004
         -20   6.3516496647240458E-003
         -19  -7.6815113103238688E-004
         -18   4.5061665724187390E-003
         -17   2.4888096645449341E-003
         -16   0.0000000000000000     
         -15  -1.7206585335125466E-003
         -14  -2.5925100672343055E-003
         -13  -1.5055762168234782E-003
         -12   5.8417893515012986E-003
         -11  -9.6787042510080733E-004
         -10  -1.9751085956670250E-003
          -9   1.9203778275809672E-004
          -8   1.0110789262213794E-003
          -7  -1.5363022620647740E-003
          -6  -1.8819702710293470E-004
          -5  -6.9133601792914826E-004
          -4  -1.6563258762885842E-003
          -3  -2.4119945514416963E-003
          -2  -7.5701293963243372E-003
          -1  -6.5319731427335284E-002
           0   1.1234210291348461E-003
           1   1.8666072484086770E-003
           2   2.2986922596144139E-003
           3   1.4902131942028313E-003
           4   1.7523447676676322E-003
           5  -3.8023480986103139E-004
           6  -3.2934479743013578E-004
           7  -1.2290418096518190E-004
           8  -6.9997771815326262E-004
           9   1.5363022620647738E-003
          10   8.1328000998053928E-004
          11  -2.7653440717165901E-004
          12   1.1359034850141417E-003
          13   5.6459108130880434E-004
          14   1.0802125280142938E-003
          15  -3.6871254289554565E-003
          16  -5.5498919217089929E-004
          17   9.3330362420435001E-004
          18  -6.9325639575672899E-004
          19  -4.9929823517105140E-003
          20  -4.2344331098160323E-004
          21   1.3941943028237815E-003
          22  -1.5238198061854973E-003
          23  -5.5306881434331846E-004
          24   0.0000000000000000     
          25   0.0000000000000000     
          26  -5.5998217452260992E-003
          27   3.0111524336469560E-003
          28   8.0751887649779656E-004
          29  -8.6417002241143505E-004
          30   0.0000000000000000     
          31   0.0000000000000000     
          32  -1.3593394452531873E-002
 topo 2:
         -32   0.0000000000000000     
         -31   0.0000000000000000     
         -30   0.0000000000000000     
         -29   0.0000000000000000     
         -28   0.0000000000000000     
         -27   0.0000000000000000     
         -26   0.0000000000000000     
         -25   0.0000000000000000     
         -24   0.0000000000000000     
         -23   0.0000000000000000     
         -22   0.0000000000000000     
         -21   0.0000000000000000     
         -20   0.0000000000000000     
         -19   0.0000000000000000     
         -18   0.0000000000000000     
         -17   0.0000000000000000     
         -16   0.0000000000000000     
         -15   0.0000000000000000     
         -14   0.0000000000000000     
         -13   0.0000000000000000     
         -12   0.0000000000000000     
         -11   0.0000000000000000     
         -10   0.0000000000000000     
          -9   0.0000000000000000     
          -8   0.0000000000000000     
          -7   0.0000000000000000     
          -6   0.0000000000000000     
          -5   0.0000000000000000     
          -4   0.0000000000000000     
          -3   0.0000000000000000     
          -2   0.0000000000000000     
          -1  -6.9901752923947247E-004
           0  -1.0562078051695317E-005
           1   0.0000000000000000     
           2   0.0000000000000000     
           3   0.0000000000000000     
           4   0.0000000000000000     
           5   0.0000000000000000     
           6   0.0000000000000000     
           7   0.0000000000000000     
           8   0.0000000000000000     
           9   0.0000000000000000     
          10   0.0000000000000000     
          11   0.0000000000000000     
          12   0.0000000000000000     
          13   0.0000000000000000     
          14   0.0000000000000000     
          15   0.0000000000000000     
          16   0.0000000000000000     
          17   0.0000000000000000     
          18   0.0000000000000000     
          19   0.0000000000000000     
          20   0.0000000000000000     
          21   0.0000000000000000     
          22   0.0000000000000000     
          23   0.0000000000000000     
          24   0.0000000000000000     
          25   0.0000000000000000     
          26   0.0000000000000000     
          27   0.0000000000000000     
          28   0.0000000000000000     
          29   0.0000000000000000     
          30   0.0000000000000000     
          31   0.0000000000000000     
          32   0.0000000000000000     
 ============================================
 Beta  0.50000000000000000      Lx, Ly           4           4 Order           3 Seed   -41246497
   6328168580.0000000        4935427.0000000000        38.237747142215490        988614.00000000000     
 topo 1:
         -32   8.4240981086395033E-004
         -31  -6.3370258683172458E-003
         -30  -2.9735751266859729E-003
         -29   3.4810322762973155E-003
         -28  -2.6022650172142594E-003
         -27  -3.6388390728227943E-003
         -26  -5.0753450588414857E-003
         -25  -2.6146420208633166E-003
         -24   3.8678136403303507E-003
         -23  -2.6734327881963380E-003
         -22   3.2737174651756087E-003
         -21   2.2464261623038671E-003
         -20   8.5285290769284185E-003
         -19  -9.2827527367928409E-004
         -18   4.7473544621414714E-003
         -17   2.2557089150406612E-003
         -16  -6.7067888523328258E-004
         -15  -1.7822885254642254E-003
         -14  -2.9588774348527176E-003
         -13  -1.3645646523085479E-003
         -12   6.2751408500719558E-003
         -11  -1.2253233612566550E-003
         -10  -2.0592239821118795E-003
          -9   3.8678136403303505E-004
          -8   1.0025372955736272E-003
          -7  -5.9409617515474163E-004
          -6  -8.7180519453046109E-004
          -5  -1.3367163940981681E-003
          -4  -2.2046537749882997E-003
          -3  -2.3640076969699119E-003
          -2  -7.1361161664096695E-003
          -1  -6.5548611325391762E-002
           0   9.3369021277573013E-004
           1   1.9648493292877900E-003
           2   2.1303917530939537E-003
           3   2.0422056020944265E-003
           4   1.5664645243337919E-003
           5   4.1772387315567775E-004
           6  -7.2018689982951141E-004
           7   5.9409617515474174E-004
           8  -7.5190297168022037E-004
           9   1.3150566377123191E-003
          10  -6.5520763067196137E-004
          11   1.0305925820289598E-019
          12   1.1765889093884924E-003
          13   4.5485488410284929E-004
          14   8.7025806907432889E-004
          15  -3.1685129341586229E-003
          16  -1.3413577704665654E-003
          17   7.5190297168022005E-004
          18  -2.5133053034866620E-003
          19  -4.3319512771699924E-003
          20  -3.4114116307713691E-004
          21   1.1232130811519336E-003
          22  -1.2276440494408533E-003
          23  -4.4557213136605636E-004
          24   0.0000000000000000     
          25   0.0000000000000000     
          26  -4.5114178300813207E-003
          27   2.4258927152151959E-003
          28   6.5056625430356485E-004
          29  -6.9620645525946304E-004
          30   0.0000000000000000     
          31   0.0000000000000000     
          32  -1.1793737352095303E-002
 topo 2:
         -32   0.0000000000000000     
         -31   0.0000000000000000     
         -30   0.0000000000000000     
         -29   0.0000000000000000     
         -28   0.0000000000000000     
         -27   0.0000000000000000     
         -26   0.0000000000000000     
         -25   0.0000000000000000     
         -24   0.0000000000000000     
         -23   0.0000000000000000     
         -22   0.0000000000000000     
         -21   0.0000000000000000     
         -20   0.0000000000000000     
         -19   0.0000000000000000     
         -18   0.0000000000000000     
         -17   0.0000000000000000     
         -16   0.0000000000000000     
         -15   0.0000000000000000     
         -14   0.0000000000000000     
         -13   0.0000000000000000     
         -12   0.0000000000000000     
         -11   0.0000000000000000     
         -10   0.0000000000000000     
          -9   0.0000000000000000     
          -8   0.0000000000000000     
          -7   0.0000000000000000     
          -6   0.0000000000000000     
          -5   0.0000000000000000     
          -4   0.0000000000000000     
          -3   0.0000000000000000     
          -2   0.0000000000000000     
          -1  -7.0548920799625445E-004
           0  -6.9620645525946306E-006
           1   0.0000000000000000     
           2   0.0000000000000000     
           3   0.0000000000000000     
           4   0.0000000000000000     
           5   0.0000000000000000     
           6   0.0000000000000000     
           7   0.0000000000000000     
           8   0.0000000000000000     
           9   0.0000000000000000     
          10   0.0000000000000000     
          11   0.0000000000000000     
          12   0.0000000000000000     
          13   0.0000000000000000     
          14   0.0000000000000000     
          15   0.0000000000000000     
          16   0.0000000000000000     
          17   0.0000000000000000     
          18   0.0000000000000000     
          19   0.0000000000000000     
          20   0.0000000000000000     
          21   0.0000000000000000     
          22   0.0000000000000000     
          23   0.0000000000000000     
          24   0.0000000000000000     
          25   0.0000000000000000     
          26   0.0000000000000000     
          27   0.0000000000000000     
          28   0.0000000000000000     
          29   0.0000000000000000     
          30   0.0000000000000000     
          31   0.0000000000000000     
          32   0.0000000000000000     
 ============================================
 Beta  0.50000000000000000      Lx, Ly           4           4 Order           3 Seed   -41246497
   7669116552.0000000        5920287.0000000000        38.237747142215490        1193959.0000000000     
 topo 1:
         -32   6.9752657566755103E-004
         -31  -5.2471420641584735E-003
         -30  -3.0776999045753740E-003
         -29   2.8823412217667396E-003
         -28  -2.1547101933385138E-003
         -27  -3.0130073571534989E-003
         -26  -4.2024535013359060E-003
         -25  -2.1649585176825733E-003
         -24   3.2026013575185996E-003
         -23  -2.2136380583168557E-003
         -22   3.3883522362546780E-003
         -21   1.8600708684468027E-003
         -20   7.0617359933285084E-003
         -19   0.0000000000000000     
         -18   3.9308729062183289E-003
         -17   1.8677571117048477E-003
         -16   5.6889628253006907E-020
         -15  -1.6397318950495227E-003
         -14  -3.1705753439434134E-003
         -13  -1.6320456517914788E-003
         -12   6.9278672565842286E-003
         -11  -1.2912888673514992E-003
         -10  -1.7825679155948533E-003
          -9   0.0000000000000000     
          -8   7.2634998788521856E-004
          -7  -8.1986594752476148E-004
          -6  -8.1602282589573940E-004
          -5  -1.0145841100618915E-003
          -4  -2.2097949366878334E-003
          -3  -2.3468662747896246E-003
          -2  -6.7331490940472777E-003
          -1  -6.4725854475972178E-002
           0   8.4612727865639886E-004
           1   1.8139534088985074E-003
           2   2.4326959911711394E-003
           3   2.1828930852846760E-003
           4   1.1048974683439167E-003
           5   6.2258570390161564E-004
           6  -1.1298777589325620E-003
           7   1.2297989212871425E-003
           8  -5.1882141991801349E-005
           9   8.3267635295483579E-004
          10  -1.2400472456312020E-003
          11   1.8446983819307147E-004
          12   1.9484626659143163E-003
          13   2.5108394642945822E-004
          14   7.2058530544168490E-004
          15  -2.6235710320792367E-003
          16  -1.1106621507874501E-003
          17   6.2258570390161575E-004
          18  -1.6185947260899003E-003
          19  -5.1241621720297590E-004
          20  -2.8246943973314051E-004
          21   9.3003543422340101E-004
          22  -1.0165056708764035E-003
          23  -3.6893967638614266E-004
          24   0.0000000000000000     
          25   0.0000000000000000     
          26  -3.7355142234096941E-003
          27   2.0086715714356658E-003
          28   5.3867754833462846E-004
          29  -5.7646824435334790E-004
          30  -6.1553998091507477E-004
          31  -1.9676782740594275E-003
          32  -9.7653720593457120E-003
 topo 2:
         -32   0.0000000000000000     
         -31   0.0000000000000000     
         -30   0.0000000000000000     
         -29   0.0000000000000000     
         -28   0.0000000000000000     
         -27   0.0000000000000000     
         -26   0.0000000000000000     
         -25   0.0000000000000000     
         -24   0.0000000000000000     
         -23   0.0000000000000000     
         -22   0.0000000000000000     
         -21   0.0000000000000000     
         -20   0.0000000000000000     
         -19   0.0000000000000000     
         -18   0.0000000000000000     
         -17   0.0000000000000000     
         -16   0.0000000000000000     
         -15   0.0000000000000000     
         -14   0.0000000000000000     
         -13   0.0000000000000000     
         -12   0.0000000000000000     
         -11   0.0000000000000000     
         -10   0.0000000000000000     
          -9   0.0000000000000000     
          -8   0.0000000000000000     
          -7   0.0000000000000000     
          -6   0.0000000000000000     
          -5   0.0000000000000000     
          -4   0.0000000000000000     
          -3   0.0000000000000000     
          -2   0.0000000000000000     
          -1  -7.1738270408416220E-004
           0  -5.7646824435334791E-006
           1  -2.5620810860148796E-006
           2   0.0000000000000000     
           3   0.0000000000000000     
           4   0.0000000000000000     
           5   0.0000000000000000     
           6   0.0000000000000000     
           7   0.0000000000000000     
           8   0.0000000000000000     
           9   0.0000000000000000     
          10   0.0000000000000000     
          11   0.0000000000000000     
          12   0.0000000000000000     
          13   0.0000000000000000     
          14   0.0000000000000000     
          15   0.0000000000000000     
          16   0.0000000000000000     
          17   0.0000000000000000     
          18   0.0000000000000000     
          19   0.0000000000000000     
          20   0.0000000000000000     
          21   0.0000000000000000     
          22   0.0000000000000000     
          23   0.0000000000000000     
          24   0.0000000000000000     
          25   0.0000000000000000     
          26   0.0000000000000000     
          27   0.0000000000000000     
          28   0.0000000000000000     
          29   0.0000000000000000     
          30   0.0000000000000000     
          31   0.0000000000000000     
          32   0.0000000000000000     
