   0.0000000000000000     
 -0.12829078775575875     
  -1.0533193709040961E-003
  -2.6965787527578194E-004
  -1.2041396070103932E-004
  -6.7732619278344786E-005
   0.0000000000000000     
  -5.9899996120756244E-005
  -2.5643268696187724E-005
  -6.7839564854351259E-007
  0.25000000000000000     
  0.28759625631039754     
  0.25000277368454793     
  0.25000018178833966     
  0.25000003624880152     
  0.25000001146926892     
   0.0000000000000000     
   4.0035688940023091E-009
   3.6378789977453376E-009
   1.2413304497071926E-009
   0.0000000000000000     
  -6.9611763791486564E-002
  -5.2666319132883832E-004
  -1.3482899646265895E-004
  -6.0206985588361073E-005
  -3.3866310571388503E-005
   0.0000000000000000     
  -2.9949998226907263E-005
  -1.2821634533791614E-005
  -3.3919792251936804E-007
  0.25000000000000000     
  0.28759625631039754     
  0.25000277368454793     
  0.25000018178833966     
  0.25000003624880152     
  0.25000001146926892     
   0.0000000000000000     
   4.0035688940023091E-009
   3.6378789977453376E-009
   1.2413304497071926E-009
  0.25000000000000000     
  0.28759625631039754     
  0.25000277368454793     
  0.25000018178833966     
  0.25000003624880152     
  0.25000001146926898     
   0.0000000000000000     
   4.0035688940014621E-009
   3.6378789977449141E-009
   1.2413304497072058E-009
   0.0000000000000000     
  -6.9611763791486564E-002
  -5.2666319132885220E-004
  -1.3482899646266588E-004
  -6.0206985588347195E-005
  -3.3866310571395442E-005
   0.0000000000000000     
  -2.9949998226907263E-005
  -1.2821634533791618E-005
  -3.3919792251936815E-007
   0.0000000000000000     
   2.4508502134295368E-002
   1.6642225456053872E-006
   1.0907305453278227E-007
   2.1749282902439049E-008
   6.8815615705819511E-009
   0.0000000000000000     
   2.4021413751570392E-009
   2.1827274245963110E-009
   7.4479828129214374E-010
   0.0000000000000000     
  -6.9611763791486564E-002
  -5.2666319132885220E-004
  -1.3482899646266588E-004
  -6.0206985588347195E-005
  -3.3866310571395442E-005
   0.0000000000000000     
  -2.9949998226907263E-005
  -1.2821634533791618E-005
  -3.3919792251936815E-007
   0.0000000000000000     
  -6.9611763791486564E-002
  -5.2666319132885220E-004
  -1.3482899646266588E-004
  -6.0206985588347195E-005
  -3.3866310571395442E-005
   0.0000000000000000     
  -2.9949998226907263E-005
  -1.2821634533791616E-005
  -3.3919792251936815E-007
   0.0000000000000000     
   2.4508502134295368E-002
   1.6642225456053872E-006
   1.0907305453972116E-007
   2.1749282902439049E-008
   6.8815615775208450E-009
   0.0000000000000000     
   2.4021413751570392E-009
   2.1827274245963110E-009
   7.4479828129214374E-010
   0.0000000000000000     
  -1.0932739827214398E-002
  -7.0117535944103082E-009
  -1.1764954288562279E-010
  -1.0475668943410454E-011
  -1.8644391586164488E-012
   0.0000000000000000     
  -3.3305828120401212E-013
  -3.7139550569870779E-013
  -1.9649522360579868E-013
   0.0000000000000000     
   2.4508502134295368E-002
   1.6642225456053872E-006
   1.0907305453972116E-007
   2.1749282902439049E-008
   6.8815615775208450E-009
   0.0000000000000000     
   2.4021413751570392E-009
   2.1827274245963110E-009
   7.4479828129214374E-010
  0.25000000000000000     
  0.28759625631039754     
  0.25000277368454793     
  0.25000018178833966     
  0.25000003624880152     
  0.25000001146926898     
   0.0000000000000000     
   4.0035688940014621E-009
   3.6378789977449141E-009
   1.2413304497072058E-009
   0.0000000000000000     
  -6.9611763791486564E-002
  -5.2666319132885220E-004
  -1.3482899646266588E-004
  -6.0206985588347195E-005
  -3.3866310571395442E-005
   0.0000000000000000     
  -2.9949998226907263E-005
  -1.2821634533791618E-005
  -3.3919792251936815E-007
   0.0000000000000000     
   2.4508502134295368E-002
   1.6642225456053872E-006
   1.0907305453278227E-007
   2.1749282902439049E-008
   6.8815615705819511E-009
   0.0000000000000000     
   2.4021413751570392E-009
   2.1827274245963110E-009
   7.4479828129214374E-010
   0.0000000000000000     
  -6.9611763791486564E-002
  -5.2666319132885220E-004
  -1.3482899646266588E-004
  -6.0206985588347195E-005
  -3.3866310571395442E-005
   0.0000000000000000     
  -2.9949998226907263E-005
  -1.2821634533791618E-005
  -3.3919792251936815E-007
   0.0000000000000000     
 -0.12829078775575875     
  -1.0533193709040961E-003
  -2.6965787527578194E-004
  -1.2041396070103932E-004
  -6.7732619278344786E-005
   0.0000000000000000     
  -5.9899996120756244E-005
  -2.5643268696187724E-005
  -6.7839564854351259E-007
  0.25000000000000000     
  0.28759625631039754     
  0.25000277368454793     
  0.25000018178833966     
  0.25000003624880152     
  0.25000001146926892     
   0.0000000000000000     
   4.0035688940023091E-009
   3.6378789977453376E-009
   1.2413304497071926E-009
   0.0000000000000000     
  -6.9611763791486564E-002
  -5.2666319132883832E-004
  -1.3482899646265895E-004
  -6.0206985588361073E-005
  -3.3866310571388503E-005
   0.0000000000000000     
  -2.9949998226907263E-005
  -1.2821634533791614E-005
  -3.3919792251936804E-007
  0.25000000000000000     
  0.28759625631039754     
  0.25000277368454793     
  0.25000018178833966     
  0.25000003624880152     
  0.25000001146926892     
   0.0000000000000000     
   4.0035688940023091E-009
   3.6378789977453376E-009
   1.2413304497071926E-009
  0.25000000000000000     
  0.28759625631039754     
  0.25000277368454793     
  0.25000018178833966     
  0.25000003624880152     
  0.25000001146926898     
   0.0000000000000000     
   4.0035688940014621E-009
   3.6378789977449141E-009
   1.2413304497072058E-009
   0.0000000000000000     
  -6.9611763791486564E-002
  -5.2666319132885220E-004
  -1.3482899646266588E-004
  -6.0206985588347195E-005
  -3.3866310571395442E-005
   0.0000000000000000     
  -2.9949998226907263E-005
  -1.2821634533791618E-005
  -3.3919792251936815E-007
   0.0000000000000000     
   2.4508502134295368E-002
   1.6642225456053872E-006
   1.0907305453278227E-007
   2.1749282902439049E-008
   6.8815615705819511E-009
   0.0000000000000000     
   2.4021413751570392E-009
   2.1827274245963110E-009
   7.4479828129214374E-010
   0.0000000000000000     
  -6.9611763791486564E-002
  -5.2666319132885220E-004
  -1.3482899646266588E-004
  -6.0206985588347195E-005
  -3.3866310571395442E-005
   0.0000000000000000     
  -2.9949998226907263E-005
  -1.2821634533791618E-005
  -3.3919792251936815E-007
   0.0000000000000000     
  -6.9611763791486564E-002
  -5.2666319132885220E-004
  -1.3482899646266588E-004
  -6.0206985588347195E-005
  -3.3866310571395442E-005
   0.0000000000000000     
  -2.9949998226907263E-005
  -1.2821634533791616E-005
  -3.3919792251936815E-007
   0.0000000000000000     
   2.4508502134295368E-002
   1.6642225456053872E-006
   1.0907305453972116E-007
   2.1749282902439049E-008
   6.8815615775208450E-009
   0.0000000000000000     
   2.4021413751570392E-009
   2.1827274245963110E-009
   7.4479828129214374E-010
   0.0000000000000000     
  -1.0932739827214398E-002
  -7.0117535944103082E-009
  -1.1764954288562279E-010
  -1.0475668943410454E-011
  -1.8644391586164488E-012
   0.0000000000000000     
  -3.3305828120401212E-013
  -3.7139550569870779E-013
  -1.9649522360579868E-013
   0.0000000000000000     
   2.4508502134295368E-002
   1.6642225456053872E-006
   1.0907305453972116E-007
   2.1749282902439049E-008
   6.8815615775208450E-009
   0.0000000000000000     
   2.4021413751570392E-009
   2.1827274245963110E-009
   7.4479828129214374E-010
  0.25000000000000000     
  0.28759625631039754     
  0.25000277368454793     
  0.25000018178833966     
  0.25000003624880152     
  0.25000001146926898     
   0.0000000000000000     
   4.0035688940014621E-009
   3.6378789977449141E-009
   1.2413304497072058E-009
   0.0000000000000000     
  -6.9611763791486564E-002
  -5.2666319132885220E-004
  -1.3482899646266588E-004
  -6.0206985588347195E-005
  -3.3866310571395442E-005
   0.0000000000000000     
  -2.9949998226907263E-005
  -1.2821634533791618E-005
  -3.3919792251936815E-007
   0.0000000000000000     
   2.4508502134295368E-002
   1.6642225456053872E-006
   1.0907305453278227E-007
   2.1749282902439049E-008
   6.8815615705819511E-009
   0.0000000000000000     
   2.4021413751570392E-009
   2.1827274245963110E-009
   7.4479828129214374E-010
   0.0000000000000000     
  -6.9611763791486564E-002
  -5.2666319132885220E-004
  -1.3482899646266588E-004
  -6.0206985588347195E-005
  -3.3866310571395442E-005
   0.0000000000000000     
  -2.9949998226907263E-005
  -1.2821634533791618E-005
  -3.3919792251936815E-007
   0.0000000000000000     
  0.12829078775575875     
   1.0533193709040961E-003
   2.6965787527578194E-004
   1.2041396070103932E-004
   6.7732619278344786E-005
   0.0000000000000000     
   5.9899996120756244E-005
   2.5643268696187724E-005
   6.7839564854351259E-007
 -0.25000000000000000     
 -0.28759625631039754     
 -0.25000277368454793     
 -0.25000018178833966     
 -0.25000003624880152     
 -0.25000001146926892     
   0.0000000000000000     
  -4.0035688940023091E-009
  -3.6378789977453376E-009
  -1.2413304497071926E-009
   0.0000000000000000     
   6.9611763791486564E-002
   5.2666319132883832E-004
   1.3482899646265895E-004
   6.0206985588361073E-005
   3.3866310571388503E-005
   0.0000000000000000     
   2.9949998226907263E-005
   1.2821634533791614E-005
   3.3919792251936804E-007
 -0.25000000000000000     
 -0.28759625631039754     
 -0.25000277368454793     
 -0.25000018178833966     
 -0.25000003624880152     
 -0.25000001146926892     
   0.0000000000000000     
  -4.0035688940023091E-009
  -3.6378789977453376E-009
  -1.2413304497071926E-009
 -0.25000000000000000     
 -0.28759625631039754     
 -0.25000277368454793     
 -0.25000018178833966     
 -0.25000003624880152     
 -0.25000001146926898     
   0.0000000000000000     
  -4.0035688940014621E-009
  -3.6378789977449141E-009
  -1.2413304497072058E-009
   0.0000000000000000     
   6.9611763791486564E-002
   5.2666319132885220E-004
   1.3482899646266588E-004
   6.0206985588347195E-005
   3.3866310571395442E-005
   0.0000000000000000     
   2.9949998226907263E-005
   1.2821634533791618E-005
   3.3919792251936815E-007
   0.0000000000000000     
  -2.4508502134295368E-002
  -1.6642225456053872E-006
  -1.0907305453278227E-007
  -2.1749282902439049E-008
  -6.8815615705819511E-009
   0.0000000000000000     
  -2.4021413751570392E-009
  -2.1827274245963110E-009
  -7.4479828129214374E-010
   0.0000000000000000     
   6.9611763791486564E-002
   5.2666319132885220E-004
   1.3482899646266588E-004
   6.0206985588347195E-005
   3.3866310571395442E-005
   0.0000000000000000     
   2.9949998226907263E-005
   1.2821634533791618E-005
   3.3919792251936815E-007
   0.0000000000000000     
   6.9611763791486564E-002
   5.2666319132885220E-004
   1.3482899646266588E-004
   6.0206985588347195E-005
   3.3866310571395442E-005
   0.0000000000000000     
   2.9949998226907263E-005
   1.2821634533791616E-005
   3.3919792251936815E-007
   0.0000000000000000     
  -2.4508502134295368E-002
  -1.6642225456053872E-006
  -1.0907305453972116E-007
  -2.1749282902439049E-008
  -6.8815615775208450E-009
   0.0000000000000000     
  -2.4021413751570392E-009
  -2.1827274245963110E-009
  -7.4479828129214374E-010
   0.0000000000000000     
   1.0932739827214398E-002
   7.0117535944103082E-009
   1.1764954288562279E-010
   1.0475668943410454E-011
   1.8644391586164488E-012
   0.0000000000000000     
   3.3305828120401212E-013
   3.7139550569870779E-013
   1.9649522360579868E-013
   0.0000000000000000     
  -2.4508502134295368E-002
  -1.6642225456053872E-006
  -1.0907305453972116E-007
  -2.1749282902439049E-008
  -6.8815615775208450E-009
   0.0000000000000000     
  -2.4021413751570392E-009
  -2.1827274245963110E-009
  -7.4479828129214374E-010
 -0.25000000000000000     
 -0.28759625631039754     
 -0.25000277368454793     
 -0.25000018178833966     
 -0.25000003624880152     
 -0.25000001146926898     
   0.0000000000000000     
  -4.0035688940014621E-009
  -3.6378789977449141E-009
  -1.2413304497072058E-009
   0.0000000000000000     
   6.9611763791486564E-002
   5.2666319132885220E-004
   1.3482899646266588E-004
   6.0206985588347195E-005
   3.3866310571395442E-005
   0.0000000000000000     
   2.9949998226907263E-005
   1.2821634533791618E-005
   3.3919792251936815E-007
   0.0000000000000000     
  -2.4508502134295368E-002
  -1.6642225456053872E-006
  -1.0907305453278227E-007
  -2.1749282902439049E-008
  -6.8815615705819511E-009
   0.0000000000000000     
  -2.4021413751570392E-009
  -2.1827274245963110E-009
  -7.4479828129214374E-010
   0.0000000000000000     
   6.9611763791486564E-002
   5.2666319132885220E-004
   1.3482899646266588E-004
   6.0206985588347195E-005
   3.3866310571395442E-005
   0.0000000000000000     
   2.9949998226907263E-005
   1.2821634533791618E-005
   3.3919792251936815E-007
   0.0000000000000000     
  0.12829078775575875     
   1.0533193709040961E-003
   2.6965787527578194E-004
   1.2041396070103932E-004
   6.7732619278344786E-005
   0.0000000000000000     
   5.9899996120756244E-005
   2.5643268696187724E-005
   6.7839564854351259E-007
 -0.25000000000000000     
 -0.28759625631039754     
 -0.25000277368454793     
 -0.25000018178833966     
 -0.25000003624880152     
 -0.25000001146926892     
   0.0000000000000000     
  -4.0035688940023091E-009
  -3.6378789977453376E-009
  -1.2413304497071926E-009
   0.0000000000000000     
   6.9611763791486564E-002
   5.2666319132883832E-004
   1.3482899646265895E-004
   6.0206985588361073E-005
   3.3866310571388503E-005
   0.0000000000000000     
   2.9949998226907263E-005
   1.2821634533791614E-005
   3.3919792251936804E-007
 -0.25000000000000000     
 -0.28759625631039754     
 -0.25000277368454793     
 -0.25000018178833966     
 -0.25000003624880152     
 -0.25000001146926892     
   0.0000000000000000     
  -4.0035688940023091E-009
  -3.6378789977453376E-009
  -1.2413304497071926E-009
 -0.25000000000000000     
 -0.28759625631039754     
 -0.25000277368454793     
 -0.25000018178833966     
 -0.25000003624880152     
 -0.25000001146926898     
   0.0000000000000000     
  -4.0035688940014621E-009
  -3.6378789977449141E-009
  -1.2413304497072058E-009
   0.0000000000000000     
   6.9611763791486564E-002
   5.2666319132885220E-004
   1.3482899646266588E-004
   6.0206985588347195E-005
   3.3866310571395442E-005
   0.0000000000000000     
   2.9949998226907263E-005
   1.2821634533791618E-005
   3.3919792251936815E-007
   0.0000000000000000     
  -2.4508502134295368E-002
  -1.6642225456053872E-006
  -1.0907305453278227E-007
  -2.1749282902439049E-008
  -6.8815615705819511E-009
   0.0000000000000000     
  -2.4021413751570392E-009
  -2.1827274245963110E-009
  -7.4479828129214374E-010
   0.0000000000000000     
   6.9611763791486564E-002
   5.2666319132885220E-004
   1.3482899646266588E-004
   6.0206985588347195E-005
   3.3866310571395442E-005
   0.0000000000000000     
   2.9949998226907263E-005
   1.2821634533791618E-005
   3.3919792251936815E-007
   0.0000000000000000     
   6.9611763791486564E-002
   5.2666319132885220E-004
   1.3482899646266588E-004
   6.0206985588347195E-005
   3.3866310571395442E-005
   0.0000000000000000     
   2.9949998226907263E-005
   1.2821634533791616E-005
   3.3919792251936815E-007
   0.0000000000000000     
  -2.4508502134295368E-002
  -1.6642225456053872E-006
  -1.0907305453972116E-007
  -2.1749282902439049E-008
  -6.8815615775208450E-009
   0.0000000000000000     
  -2.4021413751570392E-009
  -2.1827274245963110E-009
  -7.4479828129214374E-010
   0.0000000000000000     
   1.0932739827214398E-002
   7.0117535944103082E-009
   1.1764954288562279E-010
   1.0475668943410454E-011
   1.8644391586164488E-012
   0.0000000000000000     
   3.3305828120401212E-013
   3.7139550569870779E-013
   1.9649522360579868E-013
   0.0000000000000000     
  -2.4508502134295368E-002
  -1.6642225456053872E-006
  -1.0907305453972116E-007
  -2.1749282902439049E-008
  -6.8815615775208450E-009
   0.0000000000000000     
  -2.4021413751570392E-009
  -2.1827274245963110E-009
  -7.4479828129214374E-010
 -0.25000000000000000     
 -0.28759625631039754     
 -0.25000277368454793     
 -0.25000018178833966     
 -0.25000003624880152     
 -0.25000001146926898     
   0.0000000000000000     
  -4.0035688940014621E-009
  -3.6378789977449141E-009
  -1.2413304497072058E-009
   0.0000000000000000     
   6.9611763791486564E-002
   5.2666319132885220E-004
   1.3482899646266588E-004
   6.0206985588347195E-005
   3.3866310571395442E-005
   0.0000000000000000     
   2.9949998226907263E-005
   1.2821634533791618E-005
   3.3919792251936815E-007
   0.0000000000000000     
  -2.4508502134295368E-002
  -1.6642225456053872E-006
  -1.0907305453278227E-007
  -2.1749282902439049E-008
  -6.8815615705819511E-009
   0.0000000000000000     
  -2.4021413751570392E-009
  -2.1827274245963110E-009
  -7.4479828129214374E-010
   0.0000000000000000     
   6.9611763791486564E-002
   5.2666319132885220E-004
   1.3482899646266588E-004
   6.0206985588347195E-005
   3.3866310571395442E-005
   0.0000000000000000     
   2.9949998226907263E-005
   1.2821634533791618E-005
   3.3919792251936815E-007
   0.0000000000000000     
 -0.25658157551151750     
  -2.1066387418081922E-003
  -5.3931575055156389E-004
  -2.4082792140207865E-004
  -1.3546523855668957E-004
   0.0000000000000000     
  -1.1979999224151249E-004
  -5.1286537392375448E-005
  -1.3567912970870252E-006
  0.50000000000000000     
  0.57519251262079507     
  0.50000554736909586     
  0.50000036357667932     
  0.50000007249760303     
  0.50000002293853785     
   0.0000000000000000     
   8.0071377880046183E-009
   7.2757579954906752E-009
   2.4826608994143851E-009
   0.0000000000000000     
 -0.13922352758297313     
  -1.0533263826576766E-003
  -2.6965799292531789E-004
  -1.2041397117672215E-004
  -6.7732621142777005E-005
   0.0000000000000000     
  -5.9899996453814525E-005
  -2.5643269067583228E-005
  -6.7839584503873609E-007
  0.50000000000000000     
  0.57519251262079507     
  0.50000554736909586     
  0.50000036357667932     
  0.50000007249760303     
  0.50000002293853785     
   0.0000000000000000     
   8.0071377880046183E-009
   7.2757579954906752E-009
   2.4826608994143851E-009
  0.50000000000000000     
  0.57519251262079507     
  0.50000554736909586     
  0.50000036357667932     
  0.50000007249760303     
  0.50000002293853796     
   0.0000000000000000     
   8.0071377880029242E-009
   7.2757579954898282E-009
   2.4826608994144116E-009
   0.0000000000000000     
 -0.13922352758297313     
  -1.0533263826577044E-003
  -2.6965799292533177E-004
  -1.2041397117669439E-004
  -6.7732621142790883E-005
   0.0000000000000000     
  -5.9899996453814525E-005
  -2.5643269067583235E-005
  -6.7839584503873630E-007
   0.0000000000000000     
   4.9017004268590736E-002
   3.3284450912107744E-006
   2.1814610906556453E-007
   4.3498565804878098E-008
   1.3763123141163902E-008
   0.0000000000000000     
   4.8042827503140783E-009
   4.3654548491926220E-009
   1.4895965625842875E-009
   0.0000000000000000     
 -0.13922352758297313     
  -1.0533263826577044E-003
  -2.6965799292533177E-004
  -1.2041397117669439E-004
  -6.7732621142790883E-005
   0.0000000000000000     
  -5.9899996453814525E-005
  -2.5643269067583235E-005
  -6.7839584503873630E-007
   0.0000000000000000     
 -0.13922352758297313     
  -1.0533263826577044E-003
  -2.6965799292533177E-004
  -1.2041397117669439E-004
  -6.7732621142790883E-005
   0.0000000000000000     
  -5.9899996453814525E-005
  -2.5643269067583232E-005
  -6.7839584503873630E-007
   0.0000000000000000     
   4.9017004268590736E-002
   3.3284450912107744E-006
   2.1814610907944232E-007
   4.3498565804878098E-008
   1.3763123155041690E-008
   0.0000000000000000     
   4.8042827503140783E-009
   4.3654548491926220E-009
   1.4895965625842875E-009
   0.0000000000000000     
  -2.1865479654428796E-002
  -1.4023507188820616E-008
  -2.3529908577124559E-010
  -2.0951337886820909E-011
  -3.7288783172328976E-012
   0.0000000000000000     
  -6.6611656240802425E-013
  -7.4279101139741559E-013
  -3.9299044721159736E-013
   0.0000000000000000     
   4.9017004268590736E-002
   3.3284450912107744E-006
   2.1814610907944232E-007
   4.3498565804878098E-008
   1.3763123155041690E-008
   0.0000000000000000     
   4.8042827503140783E-009
   4.3654548491926220E-009
   1.4895965625842875E-009
  0.50000000000000000     
  0.57519251262079507     
  0.50000554736909586     
  0.50000036357667932     
  0.50000007249760303     
  0.50000002293853796     
   0.0000000000000000     
   8.0071377880029242E-009
   7.2757579954898282E-009
   2.4826608994144116E-009
   0.0000000000000000     
 -0.13922352758297313     
  -1.0533263826577044E-003
  -2.6965799292533177E-004
  -1.2041397117669439E-004
  -6.7732621142790883E-005
   0.0000000000000000     
  -5.9899996453814525E-005
  -2.5643269067583235E-005
  -6.7839584503873630E-007
   0.0000000000000000     
   4.9017004268590736E-002
   3.3284450912107744E-006
   2.1814610906556453E-007
   4.3498565804878098E-008
   1.3763123141163902E-008
   0.0000000000000000     
   4.8042827503140783E-009
   4.3654548491926220E-009
   1.4895965625842875E-009
   0.0000000000000000     
 -0.13922352758297313     
  -1.0533263826577044E-003
  -2.6965799292533177E-004
  -1.2041397117669439E-004
  -6.7732621142790883E-005
   0.0000000000000000     
  -5.9899996453814525E-005
  -2.5643269067583235E-005
  -6.7839584503873630E-007
   0.0000000000000000     
 -0.25658157551151750     
  -2.1066387418081922E-003
  -5.3931575055156389E-004
  -2.4082792140207865E-004
  -1.3546523855668957E-004
   0.0000000000000000     
  -1.1979999224151249E-004
  -5.1286537392375448E-005
  -1.3567912970870252E-006
  0.50000000000000000     
  0.57519251262079507     
  0.50000554736909586     
  0.50000036357667932     
  0.50000007249760303     
  0.50000002293853785     
   0.0000000000000000     
   8.0071377880046183E-009
   7.2757579954906752E-009
   2.4826608994143851E-009
   0.0000000000000000     
 -0.13922352758297313     
  -1.0533263826576766E-003
  -2.6965799292531789E-004
  -1.2041397117672215E-004
  -6.7732621142777005E-005
   0.0000000000000000     
  -5.9899996453814525E-005
  -2.5643269067583228E-005
  -6.7839584503873609E-007
  0.50000000000000000     
  0.57519251262079507     
  0.50000554736909586     
  0.50000036357667932     
  0.50000007249760303     
  0.50000002293853785     
   0.0000000000000000     
   8.0071377880046183E-009
   7.2757579954906752E-009
   2.4826608994143851E-009
  0.50000000000000000     
  0.57519251262079507     
  0.50000554736909586     
  0.50000036357667932     
  0.50000007249760303     
  0.50000002293853796     
   0.0000000000000000     
   8.0071377880029242E-009
   7.2757579954898282E-009
   2.4826608994144116E-009
   0.0000000000000000     
 -0.13922352758297313     
  -1.0533263826577044E-003
  -2.6965799292533177E-004
  -1.2041397117669439E-004
  -6.7732621142790883E-005
   0.0000000000000000     
  -5.9899996453814525E-005
  -2.5643269067583235E-005
  -6.7839584503873630E-007
   0.0000000000000000     
   4.9017004268590736E-002
   3.3284450912107744E-006
   2.1814610906556453E-007
   4.3498565804878098E-008
   1.3763123141163902E-008
   0.0000000000000000     
   4.8042827503140783E-009
   4.3654548491926220E-009
   1.4895965625842875E-009
   0.0000000000000000     
 -0.13922352758297313     
  -1.0533263826577044E-003
  -2.6965799292533177E-004
  -1.2041397117669439E-004
  -6.7732621142790883E-005
   0.0000000000000000     
  -5.9899996453814525E-005
  -2.5643269067583235E-005
  -6.7839584503873630E-007
   0.0000000000000000     
 -0.13922352758297313     
  -1.0533263826577044E-003
  -2.6965799292533177E-004
  -1.2041397117669439E-004
  -6.7732621142790883E-005
   0.0000000000000000     
  -5.9899996453814525E-005
  -2.5643269067583232E-005
  -6.7839584503873630E-007
   0.0000000000000000     
   4.9017004268590736E-002
   3.3284450912107744E-006
   2.1814610907944232E-007
   4.3498565804878098E-008
   1.3763123155041690E-008
   0.0000000000000000     
   4.8042827503140783E-009
   4.3654548491926220E-009
   1.4895965625842875E-009
   0.0000000000000000     
  -2.1865479654428796E-002
  -1.4023507188820616E-008
  -2.3529908577124559E-010
  -2.0951337886820909E-011
  -3.7288783172328976E-012
   0.0000000000000000     
  -6.6611656240802425E-013
  -7.4279101139741559E-013
  -3.9299044721159736E-013
   0.0000000000000000     
   4.9017004268590736E-002
   3.3284450912107744E-006
   2.1814610907944232E-007
   4.3498565804878098E-008
   1.3763123155041690E-008
   0.0000000000000000     
   4.8042827503140783E-009
   4.3654548491926220E-009
   1.4895965625842875E-009
  0.50000000000000000     
  0.57519251262079507     
  0.50000554736909586     
  0.50000036357667932     
  0.50000007249760303     
  0.50000002293853796     
   0.0000000000000000     
   8.0071377880029242E-009
   7.2757579954898282E-009
   2.4826608994144116E-009
   0.0000000000000000     
 -0.13922352758297313     
  -1.0533263826577044E-003
  -2.6965799292533177E-004
  -1.2041397117669439E-004
  -6.7732621142790883E-005
   0.0000000000000000     
  -5.9899996453814525E-005
  -2.5643269067583235E-005
  -6.7839584503873630E-007
   0.0000000000000000     
   4.9017004268590736E-002
   3.3284450912107744E-006
   2.1814610906556453E-007
   4.3498565804878098E-008
   1.3763123141163902E-008
   0.0000000000000000     
   4.8042827503140783E-009
   4.3654548491926220E-009
   1.4895965625842875E-009
   0.0000000000000000     
 -0.13922352758297313     
  -1.0533263826577044E-003
  -2.6965799292533177E-004
  -1.2041397117669439E-004
  -6.7732621142790883E-005
   1.9469396261938012E-308
  -5.9899996453814525E-005
  -2.5643269067583235E-005
  -6.7839584503873630E-007
