2 2 1000 10000 1024 1 1.0 0.5 1 -627714840 1 0 0.50_1_coll
1
1

2 2 1000 10000 1024 1 1.0 0.5 1 -629020924 1 0 0.50_1_coll
1
1

2 2 1000 10000 1024 1 1.0 0.5 1 -482006283 1 0 0.50_1_coll
1
1

2 2 1000 10000 1024 1 1.0 0.5 1 -98028405 1 0 0.50_1_coll
1
1

2 2 1000 10000 1024 1 1.0 0.5 1 -62087781 1 0 0.50_1_coll
1
1

2 2 1000 10000 1024 1 1.0 0.5 1 -1029168661 1 0 0.50_1_coll
1
1

2 2 1000 10000 1024 1 1.0 0.5 1 -488777225 1 0 0.50_1_coll
1
1

2 2 1000 10000 1024 1 1.0 0.5 1 -743888657 2 0 0.50_1_coll
1
1

