   1.9531250000000000E-003   7.5122994685281844E-002   3.5598177643760601E-003
   5.8593750000000000E-003   7.5122930359612664E-002   3.5598105266599570E-003
   9.7656250000000000E-003   7.5122825629221734E-002   3.5597987457506707E-003
   1.3671875000000000E-002   7.5122682575426064E-002   3.5597826592382396E-003
   1.7578125000000000E-002   7.5122503239233460E-002   3.5597624975829095E-003
   2.1484375000000000E-002   7.5122289622223767E-002   3.5597384898839921E-003
   2.5390625000000000E-002   7.5122043686011220E-002   3.5597108578933538E-003
   2.9296875000000000E-002   7.5121767353070829E-002   3.5596798194928629E-003
   3.3203125000000000E-002   7.5121462506813397E-002   3.5596455870457425E-003
   3.7109375000000000E-002   7.5121130993105661E-002   3.5596083712700292E-003
   4.1015625000000000E-002   7.5120774618158359E-002   3.5595683751586961E-003
   4.4921875000000000E-002   7.5120395150933689E-002   3.5595257991303422E-003
   4.8828125000000000E-002   7.5119994321650493E-002   3.5594808373660657E-003
   5.2734375000000000E-002   7.5119573824350278E-002   3.5594336818748021E-003
   5.6640625000000000E-002   7.5119135314770671E-002   3.5593845185684270E-003
   6.0546875000000000E-002   7.5118680412608829E-002   3.5593335302771438E-003
   6.4453125000000000E-002   7.5118210699016308E-002   3.5592808933514078E-003
   6.8359375000000000E-002   7.5117727722459546E-002   3.5592267839538944E-003
   7.2265625000000000E-002   7.5117232991620625E-002   3.5591713703324369E-003
   7.6171875000000000E-002   7.5116727981000539E-002   3.5591148183314772E-003
   8.0078125000000000E-002   7.5116214127620387E-002   3.5590572883091535E-003
   8.3984375000000000E-002   7.5115692835635781E-002   3.5589989384366494E-003
   8.7890625000000000E-002   7.5115165471853637E-002   3.5589399213474247E-003
   9.1796875000000000E-002   7.5114633368624839E-002   3.5588803860909105E-003
   9.5703125000000000E-002   7.5114097822871526E-002   3.5588204774389762E-003
   9.9609375000000000E-002   7.5113560098922533E-002   3.5587603371072759E-003
  0.10351562500000000        7.5113021424293533E-002   3.5587001018517490E-003
  0.10742187500000000        7.5112482993853549E-002   3.5586399051238571E-003
  0.11132812500000000        7.5111945966298263E-002   3.5585798759525163E-003
  0.11523437500000000        7.5111411469524964E-002   3.5585201401973142E-003
  0.11914062500000000        7.5110880595362403E-002   3.5584608193609587E-003
  0.12304687500000000        7.5110354402785198E-002   3.5584020313712281E-003
  0.12695312500000000        7.5109833916178453E-002   3.5583438903557191E-003
  0.13085937500000000        7.5109320131038299E-002   3.5582865067398080E-003
  0.13476562500000000        7.5108814005075339E-002   3.5582299871074977E-003
  0.13867187500000000        7.5108316465496844E-002   3.5581744342998690E-003
  0.14257812500000000        7.5107828404605614E-002   3.5581199477381260E-003
  0.14648437500000000        7.5107350685149413E-002   3.5580666227155188E-003
  0.15039062500000000        7.5106884135087426E-002   3.5580145512430317E-003
  0.15429687500000000        7.5106429550738249E-002   3.5579638216046124E-003
  0.15820312500000000        7.5105987695393436E-002   3.5579145188380677E-003
  0.16210937500000000        7.5105559302877808E-002   3.5578667233822077E-003
  0.16601562500000000        7.5105145072119336E-002   3.5578205131673018E-003
  0.16992187500000000        7.5104745671891293E-002   3.5577759618300678E-003
  0.17382812500000000        7.5104361737482944E-002   3.5577331403469476E-003
  0.17773437500000000        7.5103993874541433E-002   3.5576921150032689E-003
  0.18164062500000000        7.5103642655606359E-002   3.5576529495500156E-003
  0.18554687500000000        7.5103308622870305E-002   3.5576157034271183E-003
  0.18945312500000000        7.5102992285019585E-002   3.5575804340469814E-003
  0.19335937500000000        7.5102694123147448E-002   3.5575471929915549E-003
  0.19726562500000000        7.5102414583740854E-002   3.5575160304524189E-003
  0.20117187500000000        7.5102154083749428E-002   3.5574869918986820E-003
  0.20507812500000000        7.5101913007654425E-002   3.5574601209535438E-003
  0.20898437500000000        7.5101691710741367E-002   3.5574354554464248E-003
  0.21289062500000000        7.5101490515904729E-002   3.5574130315970862E-003
  0.21679687500000000        7.5101309715526976E-002   3.5573928816647069E-003
  0.22070312500000000        7.5101149570766593E-002   3.5573750355902627E-003
  0.22460937500000000        7.5101010312972172E-002   3.5573595166509199E-003
  0.22851562500000000        7.5100892141502937E-002   3.5573463481681478E-003
  0.23242187500000000        7.5100795225604450E-002   3.5573355481352794E-003
  0.23632812500000000        7.5100719703152963E-002   3.5573271326107482E-003
  0.24023437500000000        7.5100665681983647E-002   3.5573211128965740E-003
  0.24414062500000000        7.5100633238663950E-002   3.5573174981262941E-003
  0.24804687500000000        7.5100622419420268E-002   3.5573162918706492E-003
  0.25195312500000000        7.5100633239239614E-002   3.5573174996639226E-003
  0.25585937500000000        7.5100665683283177E-002   3.5573211146466225E-003
  0.25976562500000000        7.5100719705234020E-002   3.5573271342989781E-003
  0.26367187500000000        7.5100795228299017E-002   3.5573355494712133E-003
  0.26757812500000000        7.5100892145089790E-002   3.5573463496835407E-003
  0.27148437500000000        7.5101010317234748E-002   3.5573595180969125E-003
  0.27539062500000000        7.5101149575770715E-002   3.5573750367594022E-003
  0.27929687500000000        7.5101309720893822E-002   3.5573928836356372E-003
  0.28320312500000000        7.5101490522239189E-002   3.5574130341643018E-003
  0.28710937500000000        7.5101691717788105E-002   3.5574354577327799E-003
  0.29101562500000000        7.5101913015484884E-002   3.5574601231845456E-003
  0.29492187500000000        7.5102154091732515E-002   3.5574869942069987E-003
  0.29882812500000000        7.5102414592720920E-002   3.5575160327377736E-003
  0.30273437500000000        7.5102694132597930E-002   3.5575471952042246E-003
  0.30664062500000000        7.5102992295196305E-002   3.5575804362269737E-003
  0.31054687500000000        7.5103308632460175E-002   3.5576157057824603E-003
  0.31445312500000000        7.5103642666767750E-002   3.5576529526351861E-003
  0.31835937500000000        7.5103993886040596E-002   3.5576921180090430E-003
  0.32226562500000000        7.5104361749635667E-002   3.5577331433184561E-003
  0.32617187500000000        7.5104745683933813E-002   3.5577759646949511E-003
  0.33007812500000000        7.5105145085320860E-002   3.5578205162115238E-003
  0.33398437500000000        7.5105559316272816E-002   3.5578667263732921E-003
  0.33789062500000000        7.5105987709153901E-002   3.5579145216986549E-003
  0.34179687500000000        7.5106429563939314E-002   3.5579638246744190E-003
  0.34570312500000000        7.5106884149170425E-002   3.5580145545354514E-003
  0.34960937500000000        7.5107350699488706E-002   3.5580666259019283E-003
  0.35351562500000000        7.5107828419379699E-002   3.5581199509481867E-003
  0.35742187500000000        7.5108316479527218E-002   3.5581744374794610E-003
  0.36132812500000000        7.5108814020162798E-002   3.5582299904720581E-003
  0.36523437500000000        7.5109320145992892E-002   3.5582865100978315E-003
  0.36914062500000000        7.5109833931189987E-002   3.5583438937028247E-003
  0.37304687500000000        7.5110354416379491E-002   3.5584020347264088E-003
  0.37695312500000000        7.5110880610372854E-002   3.5584608228977571E-003
  0.38085937500000000        7.5111411484503232E-002   3.5585201436532958E-003
  0.38476562500000000        7.5111945981437625E-002   3.5585798793899741E-003
  0.38867187500000000        7.5112483007918868E-002   3.5586399084087538E-003
  0.39257812500000000        7.5113021439168010E-002   3.5587001051726238E-003
  0.39648437500000000        7.5113560113369851E-002   3.5587603403776347E-003
  0.40039062500000000        7.5114097837084254E-002   3.5588204807670636E-003
  0.40429687500000000        7.5114633381886300E-002   3.5588803891903843E-003
  0.40820312500000000        7.5115165485767313E-002   3.5589399242913740E-003
  0.41210937500000000        7.5115692849200236E-002   3.5589989414743493E-003
  0.41601562500000000        7.5116214141029466E-002   3.5590572913903841E-003
  0.41992187500000000        7.5116727993150334E-002   3.5591148212256382E-003
  0.42382812500000000        7.5117233003969219E-002   3.5591713733350810E-003
  0.42773437500000000        7.5117727734129600E-002   3.5592267869863086E-003
  0.43164062500000000        7.5118210710382535E-002   3.5592808964740085E-003
  0.43554687500000000        7.5118680422212911E-002   3.5593335326660250E-003
  0.43945312500000000        7.5119135325150285E-002   3.5593845207970471E-003
  0.44335937500000000        7.5119573833969819E-002   3.5594336841253860E-003
  0.44726562500000000        7.5119994330827042E-002   3.5594808396894411E-003
  0.45117187500000000        7.5120395159014614E-002   3.5595258014670798E-003
  0.45507812500000000        7.5120774626198594E-002   3.5595683774268072E-003
  0.45898437500000000        7.5121131000320571E-002   3.5596083736010899E-003
  0.46289062500000000        7.5121462513299736E-002   3.5596455896932323E-003
  0.46679687500000000        7.5121767358485303E-002   3.5596798214922150E-003
  0.47070312500000000        7.5122043691143406E-002   3.5597108590965892E-003
  0.47460937500000000        7.5122289626592093E-002   3.5597384914123399E-003
  0.47851562500000000        7.5122503242922592E-002   3.5597624992095398E-003
  0.48242187500000000        7.5122682578146138E-002   3.5597826606781563E-003
  0.48632812500000000        7.5122825631355861E-002   3.5597987475191654E-003
  0.49023437500000000        7.5122930360933926E-002   3.5598105285193173E-003
  0.49414062500000000        7.5122994685855038E-002   3.5598177661162549E-003
  0.49804687500000000        7.5123016484166902E-002   3.5598202200774662E-003
