hs_sqa 0     4  0.700000  1.000000  1.000000        -100    1024
           0  0.684239248076664       1.111442533197287E-003
  2.881568103393522E-002
           1 -0.129832832210542       2.179952777978385E-003
 -2.747161763898300E-002
           2  4.955185445325892E-002  2.239230634351176E-003
 -1.527679706110630E-002
           4  5.125462088002605E-002  2.218084621888989E-003
 -9.751305614417130E-004
           5 -2.488052793258553E-002  2.274625106668762E-003
  1.663062616173834E-002
           8  1.731374035210427E-002  2.322142805788828E-003
 -3.879738796876796E-002
